0.0757304  1.17586  
1.02858  0.0431606  
0.543302  0.57282  
0.254136  0.898784  
0.800121  0.375649  
0.875591  0.213028  
0.398827  0.753331  
0.689962  0.434507  
0.150004  0.998178  
0.728873  0.37565  
0.544143  0.527634  
0.689965  0.376443  
0.902124  0.190031  
0.875689  0.19005  
0.150004  0.980039  
0.250509  0.899444  
0.434314  0.750135  
0.429804  0.750173  
0.409492  0.75033  
0.401459  0.750381  
0.398835  0.750886  
1.02758  0.118135  
1.0276  0.0432058  
0.543303  0.538632  
0.543303  0.52765  
0.720617  0.375651  
0.710059  0.375653  
0.690108  0.375656  
0.250922  0.898785  
0.428052  0.750176  
0.8756  0.194967  
0.875614  0.190775  
0.689971  0.376369  
0.690037  0.375732  
0.875627  0.190362  
0.100333  1.1758  
0.0888143  1.1758  
0.0886785  1.1758  
0.0881917  1.1758  
0.0758795  1.1758  
0.690069  0.375672  
0.0757446  1.17582  
0.250511  0.899412  
1.02827  0.0431753  
0.87566  0.190074  
1.02822  0.0431813  
0.250905  0.898827  
0.543601  0.527635  
1.02778  0.0431907  
0.690056  0.375718  
0.0757316  1.17584  
0.0757318  1.17582  
0.897122  0.190038  
0.543354  0.527639  
0.0758671  1.17581  
0.690058  0.375707  
0.398827  0.753114  
0.88023  0.190043  
0.398828  0.752185  
1.02763  0.0431984  
0.690101  0.375661  
0.39883  0.751346  
0.690094  0.375667  
0.250907  0.898822  
0.398831  0.750948  
0.0758751  1.1758  
0.398832  0.750912  
0.398832  0.750896  
0.250918  0.898787  
0.0758712  1.17581  
0.709443  0.375653  
0.0758655  1.17581  
0.400489  0.750885  
0.0758661  1.17581  
0.25051  0.899422  
0.25092  0.898786  
0.250918  0.898786  
0.709425  0.375655  
0.07574  1.17582  
1.02762  0.0432052  
0.0757395  1.17582  
0.088678  1.1758  
0.150004  0.990863  
0.150004  0.985939  
0.150004  0.985905  
0.150004  0.981783  
0.150004  0.981138  
0.150004  0.980057  
0.150004  0.980056  
0.150004  0.980052  
0.543329  0.52765  
0.0881413  1.1758  
0.254136  0.898784  
0.902124  0.190031  
0.0757395  1.17582  
0.250509  0.899444  
0.897122  0.190038  
0.690108  0.375656  
0.875614  0.190775  
0.0757395  1.17582  
